 ==== Origional DFnet training in train_on_epoch==========
i =  tensor([[ 0.,  1.,  2.,  ..., 77., 78., 79.],
        [ 0.,  1.,  2.,  ..., 77., 78., 79.],
        [ 0.,  1.,  2.,  ..., 77., 78., 79.],
        ...,
        [ 0.,  1.,  2.,  ..., 77., 78., 79.],
        [ 0.,  1.,  2.,  ..., 77., 78., 79.],
        [ 0.,  1.,  2.,  ..., 77., 78., 79.]]) j= tensor([[ 0.,  0.,  0.,  ...,  0.,  0.,  0.],
        [ 1.,  1.,  1.,  ...,  1.,  1.,  1.],
        [ 2.,  2.,  2.,  ...,  2.,  2.,  2.],
        ...,
        [57., 57., 57.,  ..., 57., 57., 57.],
        [58., 58., 58.,  ..., 58., 58., 58.],
        [59., 59., 59.,  ..., 59., 59., 59.]])
(i-W*.5)/focal =  tensor([[-0.5470, -0.5333, -0.5197,  ...,  0.5060,  0.5197,  0.5333],
        [-0.5470, -0.5333, -0.5197,  ...,  0.5060,  0.5197,  0.5333],
        [-0.5470, -0.5333, -0.5197,  ...,  0.5060,  0.5197,  0.5333],
        ...,
        [-0.5470, -0.5333, -0.5197,  ...,  0.5060,  0.5197,  0.5333],
        [-0.5470, -0.5333, -0.5197,  ...,  0.5060,  0.5197,  0.5333],
        [-0.5470, -0.5333, -0.5197,  ...,  0.5060,  0.5197,  0.5333]])
dirs =  tensor([[[-0.5470,  0.4103, -1.0000],
         [-0.5333,  0.4103, -1.0000],
         [-0.5197,  0.4103, -1.0000],
         ...,
         [ 0.5060,  0.4103, -1.0000],
         [ 0.5197,  0.4103, -1.0000],
         [ 0.5333,  0.4103, -1.0000]],

        [[-0.5470,  0.3966, -1.0000],
         [-0.5333,  0.3966, -1.0000],
         [-0.5197,  0.3966, -1.0000],
         ...,
         [ 0.5060,  0.3966, -1.0000],
         [ 0.5197,  0.3966, -1.0000],
         [ 0.5333,  0.3966, -1.0000]],

        [[-0.5470,  0.3829, -1.0000],
         [-0.5333,  0.3829, -1.0000],
         [-0.5197,  0.3829, -1.0000],
         ...,
         [ 0.5060,  0.3829, -1.0000],
         [ 0.5197,  0.3829, -1.0000],
         [ 0.5333,  0.3829, -1.0000]],

        ...,

        [[-0.5470, -0.3692, -1.0000],
         [-0.5333, -0.3692, -1.0000],
         [-0.5197, -0.3692, -1.0000],
         ...,
         [ 0.5060, -0.3692, -1.0000],
         [ 0.5197, -0.3692, -1.0000],
         [ 0.5333, -0.3692, -1.0000]],

        [[-0.5470, -0.3829, -1.0000],
         [-0.5333, -0.3829, -1.0000],
         [-0.5197, -0.3829, -1.0000],
         ...,
         [ 0.5060, -0.3829, -1.0000],
         [ 0.5197, -0.3829, -1.0000],
         [ 0.5333, -0.3829, -1.0000]],

        [[-0.5470, -0.3966, -1.0000],
         [-0.5333, -0.3966, -1.0000],


**** dirs =  tensor([[[ 0.,  0.,  1.],
         [ 1.,  0.,  1.],
         [ 2.,  0.,  1.],
         ...,
         [77.,  0.,  1.],
         [78.,  0.,  1.],
         [79.,  0.,  1.]],

        [[ 0.,  1.,  1.],
         [ 1.,  1.,  1.],
         [ 2.,  1.,  1.],
         ...,
         [77.,  1.,  1.],
         [78.,  1.,  1.],
         [79.,  1.,  1.]],

        [[ 0.,  2.,  1.],
         [ 1.,  2.,  1.],
         [ 2.,  2.,  1.],
         ...,
         [77.,  2.,  1.],
         [78.,  2.,  1.],
         [79.,  2.,  1.]],

        ...,

        [[ 0., 57.,  1.],
         [ 1., 57.,  1.],
         [ 2., 57.,  1.],
         ...,
         [77., 57.,  1.],
         [78., 57.,  1.],
         [79., 57.,  1.]],

        [[ 0., 58.,  1.],
         [ 1., 58.,  1.],
         [ 2., 58.,  1.],
         ...,
         [77., 58.,  1.],
         [78., 58.,  1.],
         [79., 58.,  1.]],

        [[ 0., 59.,  1.],
         [ 1., 59.,  1.],
         [ 2., 59.,  1.],
         ...,
         [77., 59.,  1.],
         [78., 59.,  1.],
         [79., 59.,  1.]]]) 
 dirs.shape =  torch.Size([60, 80, 3])